Table 5: Performance comparison on the AIGCDetect benchmark. The test benchmark uses balance accuracy (B.Acc). Bold
numbers indicate the best performance in each column, and underlined numbers indicate the second-best performance.
                                                                         Big-     Cycle-     Gau-        Pro-                                      Star-     Style-        Style-                            Avg
  Method             ADM     DALLE2        GLIDE     Midj.    VQDM                                                SDXL       SD1.4    SD1.5                                            WFR      Wukong
                                                                         GAN      GAN        GAN         GAN                                       GAN       GAN           GAN2                             B.Acc
  NPR [34]           91.4     43.8         64.0     83.8       84.1      50.6      47.7      55.4        52.1     63.1       77.5     77.5         52.8          53.4      61.2        51.8       75.8       63.9
  UnivFD [27]        68.5     75.0         69.2     71.0       55.5      39.5      43.5      36.6        42.1     73.9       69.2     69.4         47.1          43.5      39.2        51.2       65.6       56.5
  FatFormer [25]     94.7     52.4         75.7     52.4       77.5      99.0      99.5      99.7        99.7     56.7       65.4     65.8         99.9          94.6      91.9        99.5       71.8       82.1
  SAFE [21]          46.8     46.6         46.7     47.2       48.7      50.1      48.3      49.7        50.0     46.9       47.0     47.0         50.0          50.0      49.6        50.0       47.6       48.4
  C2P-CLIP [35]      87.9     50.8         71.2     55.1       74.7      97.4      99.5      99.7        99.8     56.6       68.8     69.4         99.8          91.5      80.6        84.1       73.3       80.0
  AIDE [37]          98.9     61.1         75.6     82.7       96.3      91.1      89.1      95.9        80.2     78.4       93.0     93.2         75.2          76.6      76.6        74.3       89.7       84.0
  DRCT [8]           53.6     83.0         61.6     97.7       64.5      48.8      48.8      49.2        50.2     96.8       98.6     98.5         43.2          48.5      49.4        50.0       98.0       67.1
  Aligned [30]       60.4     60.9         65.7     58.2       60.5      53.0      50.5      53.1        51.2     63.2       54.3     54.8         49.1          56.7      50.1        48.9       56.5       55.7
  B-Free [17]        76.4     74.9         70.8     94.3       89.2      91.5      66.7      96.1        95.4     99.6       99.4     99.3         81.0          75.4      71.0        58.9       99.4       84.7
  DDA [9]            90.7     93.9         88.8     93.9       67.8      81.1      64.8      81.6        73.1     98.0       96.7     96.7         67.9          67.8      76.7        49.8       96.8       81.5
  MIRROR             75.6     88.9         93.1     92.5       95.9      97.2      73.3      95.8        96.8     99.8       99.9     99.8         87.6          91.9      91.1        78.9       99.8       91.7


                                              Table 6: Performance comparison on the DRCT-2M benchmark.
                                                                      SDXL-       SD-       SDXL-        LCM-      LCM-       SDv1-        SDv2-     SDXL-              SDv1-     SDv2-       SDXL-       Avg
Method             LDM      SDv1.4    SDv1.5       SDv2      SDXL
                                                                      Refiner    Turbo      Turbo        SDv1.5    SDXL        Ctrl         Ctrl      Ctrl               DR        DR          DR        B.Acc
NPR [34]            48.8     59.9      59.6        62.3      68.7      74.6       72.7       63.7         62.5      73.3       55.8        53.0           46.0          50.9        50.1       50.4       59.5
UnivFD [27]         66.9     73.0      73.0        73.9      72.4      73.4       73.7       74.3         74.4      73.3       68.5        72.4           70.2          53.3        58.3       61.2       69.5
FatFormer [25]      54.6     50.3      50.1        50.0      50.5      49.9       50.0       49.9         50.6      53.2       52.3        53.0           65.4          70.8        59.6       51.9       53.9
SAFE [21]           50.0     50.0      50.0        49.9      49.9      49.9       49.9       49.9         50.1      49.9       51.1        50.1           50.2          52.1        50.3       51.6       50.3
C2P-CLIP [35]       59.6     51.1      50.9        50.5      52.2      50.8       50.6       50.3         50.4      53.1       55.6        53.2           68.6          66.6        54.9       52.8       54.4
AIDE [37]           58.7     60.0      60.0        56.8      51.9      66.0       51.3       50.7         61.8      56.6       55.3        52.2           51.5          83.1        72.1       60.1       59.2
DRCT [8]            99.8     97.3      97.8        99.3      96.8      96.8       99.3       87.3         99.3      95.3       95.3        99.8           96.8          96.3        99.8       94.3       96.9
Aligned [30]        51.1     53.7      53.8        51.9      57.9      63.1       51.7       57.2         58.1      69.1       50.8        52.5           50.8          52.9        51.9       51.3       54.9
B-Free [17]         99.7     99.7      99.7        99.6      99.1      99.4       99.2       98.3         99.6      99.6       99.8        99.8           99.8          99.5        99.6       95.4       99.2
DDA [9]             97.6     97.4      97.4        97.3      97.2      94.4       97.4       94.1         95.5      97.4       97.7        97.9           97.9          97.9        98.1       97.5       97.0
MIRROR              99.8     99.6      99.6        99.5      91.7      99.5       99.4       96.9         99.9      97.0       99.8        99.0           98.7          80.9        67.9       59.4       93.0


                                      Table 7: Performance comparison on the UniversalFakeDetect benchmark.
                                                                                          LDM- LDM- LDM- Glide- Glide- Glide-         Avg
           Method               SITD SAN CRN IMLE Guided                                                                       Dalle
                                                                                           200 200 cfg 100 100 27 50 27 100 10       B.Acc
           NPR [34]                 57.8    36.8      52.7      52.6          78.5         50.4          50.4        49.6           46.9       50.9              44.2           43.3       51.1
           UnivFD [27]              54.7    46.8      23.0      36.6          53.5         44.0          45.3        43.7           61.6       62.2              62.1           46.1       48.3
           FatFormer [25]           90.6    75.3      93.4      93.4          65.7         95.8          83.4        95.8           84.8       83.6              83.2           95.8       86.7
           SAFE [21]                50.0    47.0      50.0      50.0          48.2         50.7          50.3        50.3           49.9       49.9              49.9           50.4       49.7
           C2P-CLIP [35]            91.7    80.8      95.1      95.1          60.2         97.0          84.0        96.8           84.2       83.4              84.9           94.4       87.3
           AIDE [37]                55.0    60.5      53.1      76.4          87.4         93.5          85.6        93.7           78.3       78.1              81.1           91.7       77.9
           DRCT [8]                 78.3    82.0      31.1      48.2          62.5         90.6          91.4        90.5           55.6       54.5              58.8           57.9       66.8
           Aligned [30]             63.9    54.1      54.5      68.9          57.1         51.0          55.0        51.4           68.8       70.5              68.4           62.3       60.5
           DDA [9]                  48.9    87.0      60.8      67.5          88.1         73.7          73.5        72.9           69.1       67.9              71.6           51.7       69.4
           B-Free [17]              76.4    92.9      90.4      94.2          75.5         97.1          97.1        97.2           77.9       79.2              82.0           93.6       87.8
           MIRROR                   63.3    80.6      76.4      76.9          79.8         98.9          98.8        99.0           95.1       94.7              95.6           98.6       88.2

    Table 8: Performance comparison on the Synthbuster benchmark.                                                    Table 9: Performance comparison on the EvalGEN.
                                                                                                           Avg                                                                                            Avg
Method             DALLE2 DALLE3 Firefly GLIDE Midj. SD1.3 SD1.4 SD2 SDXL                                                Method              Flux GoT Infinity NOVA OmiGen
                                                                                                          B.Acc                                                                                          B.Acc
NPR [34]            72.3       70.2        74.0     26.8      77.9 68.3         69.0      87.7 77.5        69.3          NPR [34]            74.4     70.5          69.7        76.0          70.7       72.3
UnivFD [27]         88.7       75.9        74.9     89.1      84.2 71.2         66.2      75.4 87.0        79.2          UnivFD [27]         94.3     96.6          91.9        95.5          98.1       95.3
FatFormer [25]      32.5        0.4        80.7     43.9       5.9  57.6        56.7      27.9 40.7        38.5
                                                                                                                         FatFormer [25]       0.4      2.6           8.6        54.2           1.7       13.5
SAFE [21]            0.5        2.5         0.6      0.0       6.4   9.5         7.6       1.8  0.4         3.3
                                                                                                                         SAFE [21]            0.3      0.3           0.9         0.2           0.6        0.5
C2P-CLIP [35]       25.2        0.6        78.1     39.4      10.0 54.7         54.5      44.5 44.4        39.0
                                                                                                                         C2P-CLIP [35]        1.8      6.7          11.4        46.6           2.7       13.8
AIDE [37]           16.5       23.6         0.3     42.1      51.5 88.7         90.2      77.4 67.3        50.8
DRCT [8]             3.9       36.8        13.5     21.6      98.9 94.9         93.8      99.9 96.4        62.2
                                                                                                                         AIDE [37]           17.9     24.7           3.4        16.3          33.4       19.1
Aligned [30]        23.7        2.3        28.0     22.0      13.1   4.2         3.4       4.6 14.9        12.9          DRCT [8]            52.2     71.2          58.3        67.9          70.5       64.0
DDA [9]             80.7       92.5        95.3     84.3     100.0 99.5         99.5      99.8 100.0       94.6          Aligned [30]        30.0     46.2          20.8        47.0          32.9       35.4
B-Free [17]         89.9       93.7        99.2     45.8      98.8 100.0        99.8      99.5 99.9        91.8          DDA [9]             89.1     94.9          95.0        98.3          96.2       94.7
                                                                                                                         B-Free [17]         52.1     99.5          97.1        99.9          99.4       89.6
MIRROR              98.0       99.9        91.6     96.5      98.3    99.8      100.0 99.2        99.5     98.1
                                                                                                                         MIRROR              99.9 99.8              99.5        99.9          95.7       99.0



                                                                                              14
